cam0:
  T_cam_imu:
  - [0.057637972834325535, -0.9950165049936348, -0.08136349843635399, -0.013994283513136335]
  - [0.1950342878822804, 0.09115128929218455, -0.9765516212728467, 0.10810955061565612]
  - [0.9791013689285712, 0.04041778384109557, 0.1993161110185856, -0.04128748270107125]
  - [0.0, 0.0, 0.0, 1.0]
  camera_model: pinhole
  distortion_coeffs: [0.15542053, -0.27200019, 0.00255276, -0.0098434]
  distortion_model: radtan
  intrinsics: [588.30280378, 585.40678571, 310.78218725, 248.36925096]
  resolution: [640, 480]
  rostopic: /cam0/image_raw
  timeshift_cam_imu: 0.12365157597840289
